1236582
662450
1776675
583950
1306371
632939
1363231
86227
1132194
1034928
1478785
543013
318040
163167
1655820
504032
479355
348435
1668351
622840
1906176
28031
216319
1780290
20248
241930
522715
793796
1647148
8925
1845004
1463666
1389719
638018
918828
1265521
920650
1588463
1885457
1369281
1913353
1290310
174372
1586496
861029
690587
1394035
1336640
1110210
1044053
708877
1578177
129152
1498708
36870
1951782
1071907
743170
1183761
1992397
970445
825087
1637553
326491
930769
1187609
986798
204622
222008
1006622
1011567
732461
483254
1578050
1545732
741940
1941471
1366633
748887
1655934
1700906
480758
1887319
1993495
152534
1909242
944088
668350
1339581
503561
1102290
1062429
1836875
102327
1523674
401182
1148721
1594633
933323
392183
1749417
357062
1783240
868164
285959
158960
1572263
536375
1893654
126427
1022472
1395724
1458357
33094
934482
1240281
1566054
422104
1753864
1502496
40093
766967
172404
1863273
763297
1988557
861451
211379
1957432
632279
1996845
95401
443373
1375100
298712
1482676
1485327
310143
1493993
907641
1641327
1711181
1440218
1724427
266017
306387
1557458
1724138
1762731
1117081
39481
1666131
1838491
801140
798986
916125
512682
1371651
1895833
1274638
1758732
859974
858065
891013
1865435
710711
796086
846039
1994129
717140
399785
286479
239515
1444140
72090
1925012
1691507
187101
771963
78204
615444
1456661
1203208
283099
646689
168779
1286688
1771246
1717951
596787
1293114
1830031
844582
677633
398062
268868
581835
460330
1963209
1037230
1292224
1873897
667085
1498937
1830388
1139334
1230348
220256
33308
151000
336233
1426886
1817570
1134248
1274454
857006
711175
1506395
580460
695526
419881
816610
651982
1011058
1338298
1137739
1057972
1805818
1711146
1581456
1474110
1884647
33795
1490539
1253252
1489084
1013194
143138
343887
1543315
406516
829130
1286488
1719906
1887683
305174
434492
934371
1989780
810999
1357661
680348
519067
974201
991131
463874
674836
515226
1800230
1909918
636010
1190085
1752001
601921
443657
1908959
1838435
1862045
1628260
508660
1309118
1253602
867660
1831610
573955
1136657
1838318
200532
267738
1963085
817513
234592
471719
769785
141954
1418860
213431
410825
1620141
1635175
1671376
134941
1878935
740944
1958837
119020
502612
526219
820021
1247338
1955046
1302918
1317429
1797983
1578579
1829239
803456
1560874
508794
1123817
1739594
346182
861456
386472
1747358
1709093
920924
1154706
546664
1159298
1829555
958326
966423
65206
142149
90538
1211445
1108690
921882
225761
158644
482534
1324268
1046854
159194
1317282
9362
892904
73553
1125617
562103
830385
900860
690924
1364719
1143360
127388
913522
1188449
1722078
960821
1055884
1945295
424402
994788
1770715
511518
443012
24212
708184
1906597
816437
75754
1617218
1144084
1288141
1004359
1198101
1180361
90820
918263
828570
145856
289719
1318695
253198
1679460
1967323
171058
1757440
85310
711765
1561960
1885854
1232984
1053242
1447782
832605
824529
1178831
978333
936324
708341
479345
602753
1737276
1340340
306813
1659579
1569952
1943246
1343563
1350331
217640
1217301
1830507
234158
1577226
1088970
731526
1903971
183770
1582868
1912035
962633
717946
1757251
1303748
367668
938914
1202331
1566259
1617623
1805862
966773
222478
981687
609481
1210876
1953709
1301921
1747698
301145
536927
1006067
1146888
1532392
668540
1446293
330584
918819
53785
1019558
1633739
1419412
1088481
1628866
1194464
96393
1190649
1718275
1050656
1745844
355664
570898
131160
840297
343194
1917508
1146402
1693902
621717
1689133
619313
767830
892593
1391742
602755
1298928
817415
1922795
1334541
1937057
137937
432120
1296936
1950556
396680
203709
1266692
1596095
1159070
1557184
138210
1395925
256626
1900909
1031179
925806
1898482
1681893
1691618
50430
1349846
1846471
1978948
765971
1596603
1231554
1600608
1493757
382054
1137220
1789704
43493
1123026
181432
681688
1913708
427667
1807345
375619
162219
716919
1809465
488023
957597
297864
679841
1127786
967479
183059
1068628
1125251
1960769
60101
1230088
1805312
1064457
685654
1917147
1151601
844031
1235031
132774
696976
1248019
1940292
688901
1505747
106595
886215
1313764
1077975
592649
1825085
642984
579623
1288350
1069972
791381
439364
354648
1215268
200552
1789805
35088
927173
366992
485371
1254772
1191205
58703
299844
472536
75722
1312655
1473830
938011
677981
365301
1907286
1979856
901932
603996
117583
448206
45448
445273
532946
1650489
1850968
1959339
1969745
1408722
230790
188067
1236326
1738033
1880941
1971558
983346
1266438
1541387
137585
1229884
1207077
1872252
1956958
765892
434785
1453966
570056
1976210
143692
1973173
795907
1942021
462614
446701
401957
1125975
1227555
614656
1002837
1992450
459177
1184170
639210
1790862
1727416
1241789
1538612
1955039
1921520
1220739
260553
444503
553928
686273
466146
453839
1839115
796176
922097
1605783
1788585
543756
450562
1664598
491544
1267985
676748
1382692
804808
1921800
318061
30241
1708606
258158
21283
941248
1606956
488728
413064
807462
1528192
687743
15535
1012824
335344
880534
331081
1855609
165817
530843
1962272
1664560
20072
1212499
755147
471639
707
340339
1193001
1731343
1613768
1694111
586574
1529985
886837
380857
1874052
1544197
93094
160344
336120
1703779
1513366
550182
1428966
888734
1991138
1709283
829618
1123921
1767396
178558
167328
1488638
107588
1575566
682452
475087
93013
1265959
16829
1733012
340824
1871049
710188
232837
1694101
1750688
1874502
852705
595859
1888545
468041
1513566
94385
998308
24686
299613
544314
291465
1449763
839111
46748
1858141
315446
1694216
1647367
1701624
1126920
10415
74802
355268
341787
1380513
1299896
1949427
1972408
1239726
33279
1369167
753161
1363768
1213807
1565125
1887478
708375
989778
495816
984398
1205382
230771
1966749
1039393
797278
1458938
698323
203346
1310468
1639408
1239817
1017254
379853
1561120
1321807
1075112
967589
769175
405847
1426425
1772161
1031199
581488
61981
486411
143013
641147
567358
202621
169073
728638
1409698
1827863
793061
1034348
682533
993745
802024
1757241
714950
232732
1478504
1160547
405595
1040922
1120075
734927
25528
528431
491908
1001924
1509686
628348
1849002
1624931
1793787
30032
1500135
559127
1827341
1139772
1641683
811548
1685657
1250444
1438218
874672
1302205
1801830
796958
449744
241609
1996003
859332
1129071
1533250
240288
456241
1230304
692615
1847498
1341261
972347
885017
1334612
1281566
185072
853281
513053
559531
1318040
1262834
623854
1284840
1752578
945972
1088067
1459642
453775
989834
346929
956543
1482515
453895
1868751
1595604
1511910
872996
92921
1133138
1478257
1657739
39660
149232
95733
1508307
1992145
1145994
959807
1379615
1291895
1404446
1171134
1150570
396276
1710607
175246
1639675
1227518
523050
210631
1061216
75917
743449
1296999
424949
1267038
353282
1016070
1147933
1106573
834763
1909888
1576545
1700651
699635
1648303
922766
819055
459171
1231193
1920524
1510249
1992256
456558
1330750
1457954
1171941
298599
199411
638043
1616488
327208
1839048
521853
17299
1020153
105401
1488959
1297861
961078
326914
1151563
166187
1201027
773009
627829
1885141
240372
779730
387734
1404371
1445099
458023
868674
1633782
560799
1565747
1636762
1507820
1175064
811270
252259
1664407
381366
1162029
264004
1770813
922999
149839
1769388
1655704
1183822
596522
1875880
993222
513993
435061
111256
28389
1535645
586044
1557533
86937
1798668
285665
1214498
1886655
1014939
375370
1100282
127440
186119
1286190
917394
805797
1382557
620507
83179
155018
1386995
1094858
655038
1189445
576216
309625
1565593
1321136
497165
411761
795087
367146
853329
1677996
102758
